2.8681484050128905 3.865302045727673 2.952791922773548 4.871691491243642 
2.3590077577351187 3.940226373804453 1.690156112226839 3.5567864759690906 
4.730178855255493 4.720913225872082 0.4401665264389337 3.2968697064379864 
2.353023932881425 0.49582770042336743 1.308387088781312 2.4382368196881847 

2.8681484050128905 3.865302045727673 2.952791922773548 4.871691491243642 0.32 
2.3590077577351187 3.940226373804453 1.690156112226839 3.5567864759690906 0.25 
4.730178855255493 4.720913225872082 0.4401665264389337 3.2968697064379864 0.29 
2.353023932881425 0.49582770042336743 1.308387088781312 2.4382368196881847 0.14 

